# This use case does nothing.
x <- c(1,2,3,4,5)
y <- c(2,3,4,5,6)
z <- c(3,4,5,6,7)